71 30 42 21 96 11 79 6 84 33 38 45 8 74
37 49 59 26 88 12 33 40 43 32 65 26 38 96 85
51 96 13 19 90 8 7 73 12 26 50 26 88 81 11 4 64
13 61 54 85 80 49 89 27 11 38 37 43 66 60 33
17 70 47 70 52 88 53 50 42 90 38 80 85 30 67 41
89 22 44 46 89 54 89 97 64 8 5 25 18 64 52 79 10
48 31 14 86 26 5 7 6 45 59 59 88 36 30 2 94 83 86
99 52 40 18 48 4 39 54 62 44 69 40 65 81 4 79 81 95
46 30 84 40 47 3 52 12 56 87 62 56 69 94 100 17 13 37
42 46 61 98 13 72 75 15 11 50 37 52 54 85 93 4 22 70 14
52 48 85 62 100 15 34 5 43 69 42 75 22 63 12 40 85 54 26
 83 92 83 85 26 16 47 78 51 47 22 66 31 66 13 22 69 100
 74 10 56 65 5 93 20 34 49 74 29 8 12 89 72 46 44 67 3
 52 20 52 57 17 72 36 37 27 69 26 2 55 70 45 35 77 37
 28 39 14 39 66 58 19 8 4 51 94 99 37 33 64 72 6 71 35
 73 12 11 64 2 52 19 29 97 97 13 42 16 58 22 43 8 73 91
 59 40 73 38 26 21 65 61 11 33 44 74 63 49 75 57 3 82 11
 72 50 19 78 92 83 66 42 90 37 11 87 89 49 85 99 55 26 99
 42 78 74 62 72 9 1 15 15 61 87 66 20 11 78 15 39 57 65 28
  3 27 16 62 81 31 1 85 70 77 96 63 62 92 54 3 29 23 83 97
  59 20 49 1 18 3 97 64 69 72 73 13 23 81 57 50 37 12 93
  21 14 66 26 42 92 24 84 100 22 55 49 55 37 26 12
 61 23 65 91 36 25 60 43 31 8 45 33 28 26 97 93 14
 69 60 25 13 56 34 56 36 71 43 24 77 6 67 40 2 62 22 99
 13 30 1 94 67 75 62 13 20 100 67 27 93 39 81 11 2 99 3
 92 18 54 18 12 90 65 15 87 89 32 90 5 70 3 74 56 10 57
 12 79 22 16 32 73 91 89 28 54 52 68 75 44 96 92 23 42
 90 59 75 33 38 39 9 74 35 17 59 8 92 39 33 34
